01-Jan-14  42.10 19.90  0.00  0.00
02-Jan-14  51.10 19.00  0.26  0.00
03-Jan-14  45.00 12.90  0.18  0.51
04-Jan-14  28.90 12.00  0.00  0.00
05-Jan-14  48.00 26.10  0.00  0.00
06-Jan-14  54.00  9.00  0.40  0.00
07-Jan-14   9.00 -2.90  0.00  0.00
08-Jan-14  16.00 -2.90  0.00  0.00
09-Jan-14  39.00 10.00  0.00  0.00
10-Jan-14  50.00 28.00  0.02  0.00
11-Jan-14  57.00 46.90  1.06  0.00
12-Jan-14  55.90 28.00  0.00  0.00
13-Jan-14  57.00 28.00  0.00  0.00
14-Jan-14  50.00 37.90  1.15  0.00
15-Jan-14  55.00 30.90  0.02  0.00
16-Jan-14  36.00 16.00  0.00  0.00
17-Jan-14  46.00 17.10  0.00  0.00
18-Jan-14  37.00 15.10  0.00  0.00
19-Jan-14  42.10 15.10  0.00  0.00
20-Jan-14  45.00 27.00  0.00  0.00
21-Jan-14  59.00 27.00  0.00  0.00
22-Jan-14  36.00  5.00  0.03  0.98
23-Jan-14  23.00  5.00  0.00  0.00
24-Jan-14  18.00  0.00  0.00  0.00
25-Jan-14  27.00  0.00  0.00  0.00
26-Jan-14  41.00 16.00  0.00  0.00
27-Jan-14  57.00 16.00  0.00  0.00
28-Jan-14  30.90 12.90  0.00  0.00
29-Jan-14  17.10  0.00  0.00  0.00
30-Jan-14  26.10  1.00  0.00  0.00
31-Jan-14  44.10  3.00  0.00  0.00
01-Feb-14  48.90 23.00  0.00  0.00
02-Feb-14  62.10 28.00  0.00  0.00
03-Feb-14  54.00 30.90  1.96  0.00
04-Feb-14  34.00 30.90  0.00  0.00
05-Feb-14  52.00 33.10  0.81  0.00
06-Feb-14  37.90 25.00  0.00  0.00
07-Feb-14  28.90 21.90  0.00  0.00
08-Feb-14  30.90 21.00  0.00  0.00
09-Feb-14  39.90 28.00  0.02  0.00
10-Feb-14  39.00 28.90  0.00  0.00
11-Feb-14  33.10 19.00  0.00  0.00
12-Feb-14  39.00 19.00  0.00  0.00
13-Feb-14  45.00 27.00  0.06  0.00
14-Feb-14  48.00 25.00  0.00  0.00
15-Feb-14  54.00 19.90  0.36  0.00
16-Feb-14  33.10 19.00  0.00  0.00
17-Feb-14  53.10 26.10  0.00  0.00
18-Feb-14  63.00 27.00  0.12  0.00
19-Feb-14  64.00 27.00  0.06  0.00
20-Feb-14  66.00 44.10  0.00  0.00
21-Feb-14  73.00 37.00  1.81  0.00
22-Feb-14  53.10 27.00  0.00  0.00
23-Feb-14  66.90 27.00  0.00  0.00
24-Feb-14  66.90 28.00  0.00  0.00
25-Feb-14  46.90 28.00  0.00  0.00
26-Feb-14  46.00 25.00  0.00  0.00
27-Feb-14  35.10 12.90  0.00  0.00
28-Feb-14  41.00 14.00  0.00  0.00
01-Mar-14  55.90 18.00  0.01  0.00
02-Mar-14  57.90 44.10  0.00  0.00
03-Mar-14  66.90 24.10  1.60  0.00
04-Mar-14  25.00 19.90  0.20  0.12
05-Mar-14  37.90 21.00  0.00  0.00
06-Mar-14  46.00 27.00  0.00  0.00
07-Mar-14  55.00 27.00  0.00  0.00
08-Mar-14  62.10 27.00  0.00  0.00
09-Mar-14  64.90 30.90  0.00  0.00
10-Mar-14  57.90 30.90  0.00  0.00
11-Mar-14  68.00 34.00  0.00  0.00
12-Mar-14  75.00 34.00  0.13  0.00
13-Mar-14  62.10 28.90  0.00  0.00
14-Mar-14  46.90 28.00  0.00  0.00
15-Mar-14  64.00 28.00  0.00  0.00
16-Mar-14  66.00 34.00  0.11  0.00
17-Mar-14  52.00 30.90  0.65  0.00
18-Mar-14  39.00 30.00  0.01  0.00
19-Mar-14  55.90 39.00  0.00  0.00
20-Mar-14  59.00 30.00  0.00  0.00
21-Mar-14  59.00 28.00  0.00  0.00
22-Mar-14  68.00 28.90  0.00  0.00
23-Mar-14  66.00 39.90  0.12  0.00
24-Mar-14  53.10 25.00  0.00  0.00
25-Mar-14  52.00 25.00  0.00  0.00
26-Mar-14  39.00 18.00  0.01  0.00
27-Mar-14  46.90 19.00  0.00  0.00
28-Mar-14  66.00 39.90  0.32  0.00
29-Mar-14  64.90 46.90  0.27  0.00
30-Mar-14  55.90 37.90  1.03  0.00
31-Mar-14  57.90 28.90  0.00  0.00
01-Apr-14  73.00 28.90  0.00  0.00
02-Apr-14  80.10 44.10  0.00  0.00
03-Apr-14  80.10 46.90  1.25  0.00
04-Apr-14  79.00 48.90  0.32  0.00
05-Apr-14  64.90 41.00  0.39  0.00
06-Apr-14  55.90 34.00  0.00  0.00
07-Apr-14  66.90 35.10  0.51  0.00
08-Apr-14  66.00 37.90  0.08  0.00
09-Apr-14  61.00 37.90  0.00  0.00
10-Apr-14  64.00 35.10  0.00  0.00
11-Apr-14  75.00 35.10  0.00  0.00
12-Apr-14  75.90 46.90  0.33  0.00
13-Apr-14  80.10 46.90  0.00  0.00
14-Apr-14  82.00 53.10  0.00  0.00
15-Apr-14  69.10 35.10  0.54  0.00
16-Apr-14  45.00 27.00  0.08  0.00
17-Apr-14  63.00 28.00  0.00  0.00
18-Apr-14  68.00 36.00  0.00  0.00
19-Apr-14  66.90 43.00  0.00  0.00
20-Apr-14  73.90 39.90  0.00  0.00
21-Apr-14  78.10 41.00  0.00  0.00
22-Apr-14  78.10 45.00  0.00  0.00
23-Apr-14  73.90 39.00  0.02  0.00
24-Apr-14  68.00 39.00  0.00  0.00
25-Apr-14  79.00 39.90  0.32  0.00
26-Apr-14  68.00 41.00  0.23  0.00
27-Apr-14  81.00 42.10  0.00  0.00
28-Apr-14  81.00 50.00  0.13  0.00
29-Apr-14  75.00 61.00  1.35  0.00
30-Apr-14  82.00 54.00  1.03  0.00
01-May-14  68.00 48.00  0.18  0.00
02-May-14  63.00 39.00  0.00  0.00
03-May-14  66.00 39.00  0.00  0.00
04-May-14  73.90 42.10  0.00  0.00
05-May-14  82.90 46.90  0.00  0.00
06-May-14  84.00 50.00  0.00  0.00
07-May-14  84.00 50.00  0.00  0.00
08-May-14  84.90 52.00  0.00  0.00
09-May-14  84.00 57.00  0.00  0.00
10-May-14  73.90 61.00  0.02  0.00
11-May-14  79.00 55.00  0.03  0.00
12-May-14  84.00 57.90  0.00  0.00
13-May-14  87.10 60.10  0.00  0.00
14-May-14  84.90 62.10  0.00  0.00
15-May-14  80.10 51.10  0.76  0.00
16-May-14  57.90 41.00  0.03  0.00
17-May-14  60.10 43.00  0.10  0.00
18-May-14  60.10 46.90  0.01  0.00
19-May-14  70.00 42.10  0.00  0.00
20-May-14  75.90 44.10  0.00  0.00
21-May-14  82.00 54.00  0.00  0.00
22-May-14  82.90 57.00  0.00  0.00
23-May-14  84.00 60.10  0.00  0.00
24-May-14  82.00 55.00  0.00  0.00
25-May-14  81.00 55.90  0.00  0.00
26-May-14  79.00 57.90  0.31  0.00
27-May-14  84.00 61.00  0.00  0.00
28-May-14  84.90 63.00  0.00  0.00
29-May-14  84.90 63.00  0.02  0.00
30-May-14  84.00 61.00  0.15  0.00
31-May-14  84.00 64.00  0.27  0.00
01-Jun-14  84.00 64.00  0.07  0.00
02-Jun-14  82.00 66.00  0.00  0.00
03-Jun-14  82.00 62.10  0.00  0.00
04-Jun-14  84.00 62.10  0.00  0.00
05-Jun-14  84.00 63.00  0.45  0.00
06-Jun-14  71.10 66.00  0.22  0.00
07-Jun-14  82.00 61.00  0.01  0.00
08-Jun-14  84.90 63.00  0.03  0.00
09-Jun-14  79.00 59.00  0.00  0.00
10-Jun-14  73.90 61.00  0.20  0.00
11-Jun-14  82.90 64.90  0.95  0.00
12-Jun-14  79.00 61.00  0.12  0.00
13-Jun-14  80.10 63.00  0.46  0.00
14-Jun-14  73.00 55.90  1.30  0.00
15-Jun-14  81.00 57.00  0.00  0.00
16-Jun-14  87.10 59.00  0.00  0.00
17-Jun-14  89.10 62.10  0.00  0.00
18-Jun-14  89.10 63.00  0.00  0.00
19-Jun-14  89.10 66.90  0.00  0.00
20-Jun-14  86.00 66.00  0.02  0.00
21-Jun-14  89.10 64.90  0.02  0.00
22-Jun-14  86.00 62.10  0.29  0.00
23-Jun-14  89.10 64.90  0.00  0.00
24-Jun-14  89.10 66.90  0.00  0.00
25-Jun-14  82.90 70.00  0.42  0.00
26-Jun-14  84.00 64.00  0.00  0.00
27-Jun-14  84.00 66.00  0.00  0.00
28-Jun-14  86.00 66.90  0.05  0.00
29-Jun-14  81.00 66.00  0.18  0.00
30-Jun-14  79.00 66.00  0.33  0.00
01-Jul-14  88.00 69.10  0.01  0.00
02-Jul-14  88.00 64.00  0.00  0.00
03-Jul-14  84.90 64.90  0.00  0.00
04-Jul-14  78.10 57.00  0.00  0.00
05-Jul-14  79.00 52.00  0.00  0.00
06-Jul-14  84.90 55.00  0.00  0.00
07-Jul-14  86.00 60.10  0.00  0.00
08-Jul-14  87.10 64.00  0.00  0.00
09-Jul-14  87.10 69.10  0.39  0.00
10-Jul-14  80.10 66.90  0.02  0.00
11-Jul-14  84.90 61.00  0.00  0.00
12-Jul-14  90.00 61.00  0.00  0.00
13-Jul-14  91.00 62.10  0.00  0.00
14-Jul-14  90.00 66.00  0.00  0.00
15-Jul-14  90.00 69.10  0.30  0.00
16-Jul-14  79.00 53.10  0.02  0.00
17-Jul-14  75.90 52.00  0.00  0.00
18-Jul-14  81.00 53.10  0.04  0.00
19-Jul-14  68.00 62.10  1.01  0.00
20-Jul-14  73.00 64.90  0.69  0.00
21-Jul-14  82.90 66.00  0.05  0.00
22-Jul-14  86.00 62.10  0.61  0.00
23-Jul-14  88.00 66.90  0.00  0.00
24-Jul-14  86.00 68.00  0.05  0.00
25-Jul-14  81.00 57.00  0.00  0.00
26-Jul-14  81.00 59.00  0.00  0.00
27-Jul-14  86.00 60.10  0.02  0.00
28-Jul-14  89.10 64.00  0.56  0.00
29-Jul-14  79.00 57.00  0.00  0.00
30-Jul-14  73.90 52.00  0.00  0.00
31-Jul-14  78.10 53.10  0.00  0.00
01-Aug-14  84.00 57.90  0.00  0.00
02-Aug-14  84.00 62.10  0.00  0.00
03-Aug-14  84.90 60.10  0.00  0.00
04-Aug-14  84.90 57.00  0.00  0.00
05-Aug-14  87.10 57.00  0.00  0.00
06-Aug-14  87.10 59.00  0.00  0.00
07-Aug-14  88.00 63.00  0.01  0.00
08-Aug-14  91.00 63.00  0.07  0.00
09-Aug-14  82.90 66.90  0.19  0.00
10-Aug-14  86.00 66.90  0.36  0.00
11-Aug-14  87.10 70.00  0.01  0.00
12-Aug-14  84.90 69.10  0.85  0.00
13-Aug-14  82.00 55.00  0.00  0.00
14-Aug-14  75.00 54.00  0.00  0.00
15-Aug-14  81.00 55.00  0.00  0.00
16-Aug-14  82.90 57.90  0.00  0.00
17-Aug-14  84.00 62.10  0.00  0.00
18-Aug-14  78.10 66.90  0.52  0.00
19-Aug-14  82.00 69.10  0.03  0.00
20-Aug-14  86.00 68.00  0.02  0.00
21-Aug-14  87.10 64.00  0.54  0.00
22-Aug-14  89.10 64.00  0.00  0.00
23-Aug-14  88.00 68.00  0.00  0.00
24-Aug-14  91.00 70.00  0.01  0.00
25-Aug-14  84.90 70.00  0.00  0.00
26-Aug-14  87.10 66.90  0.00  0.00
27-Aug-14  84.90 63.00  0.01  0.00
28-Aug-14  88.00 63.00  0.00  0.00
29-Aug-14  89.10 64.90  0.01  0.00
30-Aug-14  89.10 63.00  0.00  0.00
31-Aug-14  87.10 64.90  1.93  0.00
01-Sep-14  79.00 68.00  0.09  0.00
02-Sep-14  88.00 66.90  0.00  0.00
03-Sep-14  88.00 68.00  2.68  0.00
04-Sep-14  84.00 68.00  0.01  0.00
05-Sep-14  87.10 68.00  0.00  0.00
06-Sep-14  87.10 66.90  0.22  0.00
07-Sep-14  88.00 69.10  0.00  0.00
08-Sep-14  73.90 66.00  0.01  0.00
09-Sep-14  79.00 66.00  0.00  0.00
10-Sep-14  86.00 66.90  0.00  0.00
11-Sep-14  84.00 69.10  0.00  0.00
12-Sep-14  82.00 66.00  0.15  0.00
13-Sep-14  73.90 61.00  0.01  0.00
14-Sep-14  64.00 55.90  0.00  0.00
15-Sep-14  75.00 54.00  0.00  0.00
16-Sep-14  75.00 55.00  0.00  0.00
17-Sep-14  69.10 55.00  0.00  0.00
18-Sep-14  72.00 55.00  0.00  0.00
19-Sep-14  78.10 54.00  0.00  0.00
20-Sep-14  84.00 54.00  0.00  0.00
21-Sep-14  82.90 60.10  0.00  0.00
22-Sep-14  81.00 51.10  0.02  0.00
23-Sep-14  71.10 44.10  0.00  0.00
24-Sep-14  75.00 44.10  0.00  0.00
25-Sep-14  78.10 46.90  0.00  0.00
26-Sep-14  80.10 50.00  0.00  0.00
27-Sep-14  82.00 55.90  0.00  0.00
28-Sep-14  79.00 57.90  0.00  0.00
29-Sep-14  77.00 60.10  0.00  0.00
30-Sep-14  82.90 54.00  0.00  0.00
01-Oct-14  82.90 52.00  0.00  0.00
02-Oct-14  84.00 52.00  0.00  0.00
03-Oct-14  86.00 55.00  0.60  0.00
04-Oct-14  75.00 37.90  0.00  0.00
05-Oct-14  57.90 33.10  0.00  0.00
06-Oct-14  69.10 33.10  0.00  0.00
07-Oct-14  70.00 53.10  1.42  0.00
08-Oct-14  73.00 59.00  1.71  0.00
09-Oct-14  78.10 51.10  0.00  0.00
10-Oct-14  78.10 53.10  0.13  0.00
11-Oct-14  69.10 63.00  1.83  0.00
12-Oct-14  63.00 59.00  0.15  0.00
13-Oct-14  79.00 59.00  0.71  0.00
14-Oct-14  78.10 63.00  1.36  0.00
15-Oct-14  69.10 53.10  0.52  0.00
16-Oct-14  55.90 51.10  0.43  0.00
17-Oct-14  60.10 43.00  0.02  0.00
18-Oct-14  75.90 43.00  0.00  0.00
19-Oct-14  63.00 45.00  0.00  0.00
20-Oct-14  64.00 39.90  0.00  0.00
21-Oct-14  64.90 39.90  0.00  0.00
22-Oct-14  68.00 37.00  0.00  0.00
23-Oct-14  60.10 35.10  0.00  0.00
24-Oct-14  64.00 35.10  0.00  0.00
25-Oct-14  68.00 39.00  0.00  0.00
26-Oct-14  72.00 39.00  0.00  0.00
27-Oct-14  78.10 48.00  0.00  0.00
28-Oct-14  82.90 48.00  0.00  0.00
29-Oct-14  75.00 48.90  0.90  0.00
30-Oct-14  64.90 35.10  0.01  0.00
31-Oct-14  60.10 35.10  0.00  0.00
01-Nov-14  48.90 33.10  0.27  0.00
02-Nov-14  39.90 25.00  0.00  0.00
03-Nov-14  52.00 25.00  0.00  0.00
04-Nov-14  68.00 32.00  0.00  0.00
05-Nov-14  70.00 42.10  0.00  0.00
06-Nov-14  55.90 50.00  2.24  0.00
07-Nov-14  60.10 39.90  0.00  0.00
08-Nov-14  54.00 32.00  0.00  0.00
09-Nov-14  59.00 33.10  0.00  0.00
10-Nov-14  61.00 30.90  0.00  0.00
11-Nov-14  70.00 30.90  0.00  0.00
12-Nov-14  72.00 35.10  0.04  0.00
13-Nov-14  37.90 30.90  0.00  0.00
14-Nov-14  35.10 21.00  0.00  0.00
15-Nov-14  35.10 18.00  0.00  0.00
16-Nov-14  48.00 19.00  0.00  0.00
17-Nov-14  46.00 34.00  1.74  0.00
18-Nov-14  35.10 18.00  0.05  0.00
19-Nov-14  35.10 16.00  0.00  0.00
20-Nov-14  50.00 18.00  0.00  0.00
21-Nov-14  46.90 21.90  0.00  0.00
22-Nov-14  55.00 21.90  0.00  0.00
23-Nov-14  64.90 32.00  0.00  0.00
24-Nov-14  62.10 55.00  0.52  0.00
25-Nov-14  64.00 28.90  0.00  0.00
26-Nov-14  53.10 28.90  0.00  0.00
27-Nov-14  48.90 28.90  0.04  0.00
28-Nov-14  37.00 23.00  0.00  0.00
29-Nov-14  48.90 24.10  0.00  0.00
30-Nov-14  59.00 39.90  0.00  0.00
01-Dec-14  64.90 46.00  0.00  0.00
02-Dec-14  63.00 42.10  0.38  0.00
03-Dec-14  55.00 45.00  0.43  0.00
04-Dec-14  50.00 39.00  0.02  0.00
05-Dec-14  59.00 43.00  0.06  0.00
06-Dec-14  69.10 55.00  1.43  0.00
07-Dec-14  59.00 37.90  0.11  0.00
08-Dec-14  50.00 35.10  0.00  0.00
09-Dec-14  53.10 37.90  0.00  0.00
10-Dec-14  43.00 36.00  0.01  0.00
11-Dec-14  39.90 30.90  0.00  0.00
12-Dec-14  42.10 21.00  0.00  0.00
13-Dec-14  48.00 21.00  0.00  0.00
14-Dec-14  43.00 28.90  0.00  0.00
15-Dec-14  50.00 28.00  0.00  0.00
16-Dec-14  57.00 28.00  0.45  0.00
17-Dec-14  48.00 36.00  0.02  0.00
18-Dec-14  39.00 27.00  0.02  0.00
19-Dec-14  37.90 28.00  0.00  0.00
20-Dec-14  39.90 28.90  0.01  0.00
21-Dec-14  46.90 23.00  0.00  0.00
22-Dec-14  55.00 23.00  0.00  0.00
23-Dec-14  55.00 46.90  0.32  0.00
24-Dec-14  55.00 52.00  2.25  0.00
25-Dec-14  61.00 37.90  0.15  0.00
26-Dec-14  46.90 27.00  0.02  0.00
27-Dec-14  54.00 27.00  0.01  0.00
28-Dec-14  60.10 46.90  1.22  0.00
29-Dec-14  48.00 37.90  0.33  0.00
30-Dec-14  39.90 32.00  0.00  0.00
31-Dec-14  39.90 26.10  0.00  0.00
